Este		Norte
954207.765    1704451.056
954079.255    1704701.956
954244.482    1704744.793
954489.263    1704732.554
954966.586    1704634.641
955321.518    1704634.641
955535.701    1704665.239
955713.168    1704750.912
956184.371    1704763.151
956545.423    1704830.466
956826.921    1704940.618
956857.519    1704989.574
956863.638    1705130.323
956814.682    1705167.04
956704.531    1705197.638
956471.989    1705179.279
956325.12     1705197.638
956190.491    1705173.159
956086.459    1705118.084
955921.232    1705173.159
955707.048    1705338.387
955633.614    1705424.06
955798.841    1705387.343
956049.742    1705258.833
956110.937    1705271.072
956214.969    1705442.419
956423.033    1705509.733
956533.184    1705479.136
956612.738    1705430.18
956857.519    1705399.582
957010.507    1705234.355
957053.344    1705154.801
957047.224    1705075.247
956918.714    1704854.944
956943.192    1704781.51
957053.344    1704689.717
957536.786    1704389.86
957585.742    1704371.502
957597.981    1704365.382
958136.5      1704365.382
958142.619    1704377.621
958742.333    1704334.785
958834.125    1704377.621
959097.265    1704597.924
959262.492    1704689.717
959446.078    1704732.554
959592.946    1704726.434
959727.576    1704671.358
959843.847    1704659.119
960223.258    1704744.793
960308.931    1704812.108
960400.724    1704824.347
960816.851    1704536.729
961037.154    1704481.653
961190.143    1704377.621
961667.465    1704157.318
961881.649    1704083.884
962291.657    1704077.765
962609.872    1704157.318
962836.295    1704163.438
963429.889    1704090.004
963717.506    1704096.123
964286.622    1704230.753
964360.056    1704316.426
964372.295    1704316.426
964629.316    1704322.546
964904.694    1704432.697
965382.017    1704524.49
965761.428    1704555.087
965908.296    1704628.522
966208.153    1704989.574
966391.739    1705050.769
966550.846    1705038.53
967266.831    1704677.478
967921.62     1704555.087
968160.281    1704561.207
969047.613    1704677.478
969427.023    1704787.629
969610.609    1704873.303
969677.924    1704958.976
970173.605    1705142.562
970289.876    1705215.996
970626.45     1705289.43
971177.207    1705289.43
971538.259    1705375.104
971770.801    1705503.614
971868.714    1705589.287
972278.722    1705681.08
972707.088    1705558.69
973037.543    1705540.331
973349.639    1705638.243
973386.356    1705668.841
973582.181    1705748.395
973882.037    1705742.275
973961.591    1705803.471
974077.862    1705852.427
974341.002    1705815.71
974481.751    1705840.188
974561.305    1705883.024
974653.097    1706054.371
974732.651    1706140.044
974879.52     1706170.642
975026.388    1706317.511
975460.875    1706507.216
975681.178    1706513.335
975748.492    1706556.172
975828.046    1706525.574
975919.839    1706592.889
976017.751    1706482.738
976121.783    1706427.662
976152.381    1706384.825
976244.174    1706421.543
976280.891    1706550.053
976274.772    1706690.802
976293.13     1706739.758
976342.086    1706770.355
976397.162    1706654.085
976397.162    1706494.977
976427.76     1706464.379
976482.835    1706476.618
976678.66     1706862.148
976727.616    1707002.897
976801.051    1707106.929
976813.29     1707113.049
977082.549    1707131.407
977107.027    1706886.626
977168.222    1706813.192
977308.971    1706837.67
977376.286    1706923.344
977382.406    1706984.539
977443.601    1707082.451
977449.72     1707143.647
977419.123    1707204.842
977370.166    1707229.32
977345.688    1707302.754
977517.035    1707345.591
977553.752    1707388.428
977627.187    1707345.591
977725.099    1707382.308
977871.968    1707516.938
978122.868    1707682.165
978361.53     1707767.838
978600.191    1707896.348
978698.103    1707896.348
978875.57     1707994.26
978955.123    1708086.053
979420.207    1708385.91
979524.239    1708428.747
979560.956    1708471.583
979671.108    1708502.181
979873.052    1708649.05
979915.889    1708649.05
979909.769    1708551.137
979811.857    1708410.388
979701.705    1708324.715
979505.881    1708220.683
979438.566    1708159.488
979420.207    1708079.934
979469.164    1707908.587
979432.446    1707786.197
979328.414    1707755.599
979261.1      1707773.958
979242.741    1707773.958
979028.558    1707945.304
978973.482    1707945.304
978912.287    1707792.316
978893.928    1707676.045
978765.418    1707382.308
978704.223    1707321.113
978575.713    1707284.396
978453.322    1707284.396
978324.812    1707070.212
978098.39     1706862.148
978110.629    1706739.758
978257.498    1706605.128
978355.41     1706562.292
978398.247    1706470.499
978324.812    1706329.75
978312.573    1706250.196
978306.454    1706237.957
978043.314    1706219.598
977927.043    1706170.642
977902.565    1705925.861
977547.633    1705570.929
977529.274    1705350.626
977578.23     1705093.606
977590.469    1704683.597
977529.274    1704487.773
977321.21     1704083.884
977143.744    1703851.342
976941.8      1703686.115
976813.29     1703514.768
976770.453    1703374.019
976476.716    1703361.78
976366.564    1703380.139
976268.659986 1703349.337368
975923.017822 1703395.768747
976378.803    1703881.94
976391.042    1704004.33
976225.815    1704151.199
975877.002    1704108.362
975809.688    1704065.525
975650.58     1704041.047
975534.309    1703912.537
975509.831    1703716.713
975522.07     1703600.442
975589.385    1703484.171
975668.939    1703435.214
975742.373    1703429.095
975803.568    1703386.258
975922.343016 1703394.422847
976268.378187 1703348.88393
976280.891    1703037.445
976464.477    1702774.306
976660.302    1702682.513
976605.226    1702578.481
976586.867    1702345.939
976617.465    1702039.963
976697.019    1701654.433
976739.855    1701544.281
976770.453    1701244.424
976635.823    1700809.938
976372.684    1700234.703
976158.501    1699543.197
976066.708    1699316.774
975834.166    1699010.798
975717.895    1698912.885
975638.341    1698808.854
975503.711    1698692.583
975369.082    1698613.029
975001.91     1698490.638
974775.488    1698356.009
974751.01     1698221.379
974738.771    1698221.379
974775.488    1698092.869
974744.89     1698043.913
974714.293    1697682.861
974867.281    1697168.821
974855.042    1696991.355
974922.357    1696771.052
974922.357    1696673.139
974842.803    1696691.498
974763.249    1696679.259
974579.663    1696495.673
974292.045    1696373.283
974273.687    1696336.565
974157.416    1696269.251
974096.221    1696287.609
973973.83     1696275.37
973906.515    1696244.773
973753.527    1696079.545
973606.659    1695993.872
973374.117    1695908.199
973141.575    1695681.776
973019.184    1695418.637
972957.989    1695198.334
972933.511    1694959.672
972970.228    1694678.174
972951.869    1694268.166
973049.782    1694005.026
973239.487    1693772.484
973472.029    1693546.062
973637.256    1693460.389
974004.428    1693258.444
973588.3      1693062.62
973447.551    1693068.739
973447.551    1693105.456
973594.42     1693203.369
973612.778    1693264.564
973520.985    1693368.596
973367.997    1693466.508
973263.965    1693472.628
973190.531    1693350.237
973025.304    1693435.911
972878.435    1693460.389
972780.523    1693429.791
972688.73     1693472.628
972450.068    1693307.401
972443.949    1693276.803
972523.503    1693209.488
972425.59     1693129.934
972370.515    1693044.261
972211.407    1692940.229
972064.538    1692530.221
972070.658    1692322.157
972199.168    1692003.942
972278.722    1691924.388
972058.419    1691673.487
972033.941    1691581.695
972131.853    1691202.284
972168.57     1690926.905
972254.244    1690847.352
972266.483    1690669.885
972468.427    1690382.268
972425.59     1690015.096
972468.427    1689868.228
972609.176    1689580.61
972596.937    1689390.905
972333.797    1688815.669
972095.136    1688387.303
971862.594    1688032.37
971526.02     1687714.155
971385.271    1687610.123
971232.283    1687444.896
971042.578    1687359.222
970773.319    1687353.103
970344.952    1687402.059
970118.529    1687322.505
969849.27     1687187.876
969555.533    1686679.955
969555.533    1686606.521
969610.609    1686539.206
969769.716    1686575.923
969788.075    1686563.684
969873.748    1686618.76
969916.585    1686582.043
969934.944    1686367.859
970008.378    1686263.827
970008.378    1686214.871
969800.314    1686080.242
969702.402    1685774.265
969402.545    1685615.158
969267.915    1685474.409
968943.581    1684917.532
968827.31     1684764.544
968753.875    1684617.675
968741.636    1684397.372
968968.059    1683448.846
968974.178    1683271.38
968876.266    1683148.989
968264.313    1682940.925
968141.923    1682934.806
967964.457    1682843.013
967946.098    1682738.981
968105.206    1682537.037
968068.489    1682347.331
968129.684    1682304.495
968117.445    1682188.224
967548.329    1681649.706
967383.102    1681545.674
967340.265    1681404.925
967438.177    1681386.566
967438.177    1681398.805
967542.209    1681172.383
967487.134    1680731.777
967474.895    1680364.605
967444.297    1680150.422
967517.731    1680046.39
967456.536    1679875.043
967077.126    1679722.055
966777.269    1679642.501
966397.858    1679507.872
964788.423    1678761.29
963729.745    1678467.553
962793.458    1678363.521
962236.581    1678228.891
961997.92     1678198.293
961918.366    1678155.457
961759.258    1677776.046
961661.346    1677623.058
961563.434    1677586.341
961600.151    1677714.851
961441.043    1677763.807
961398.206    1677825.002
961379.848    1678057.544
961245.218    1678192.174
961147.306    1678222.772
960920.883    1678179.935
960737.298    1678063.664
960192.66     1678008.588
959739.815    1677886.198
959103.384    1677843.361
958546.508    1677837.242
958466.954    1677898.437
958454.715    1678075.903
958326.205    1678283.967
958399.639    1678528.748
958540.388    1679177.417
958515.91     1679183.537
958497.552    1679238.613
958375.161    1679465.035
958387.4      1679624.143
958142.619    1679954.597
958093.663    1680089.227
958063.065    1680321.769
958026.348    1680431.92
957971.272    1680493.115
957977.392    1680701.179
957952.914    1680811.331
957824.404    1681784.335
957848.882    1682261.658
957897.838    1682433.005
957916.197    1682763.459
957897.838    1683026.599
957952.914    1683663.029
957952.914    1684195.428
957989.631    1684366.775
958001.87     1685339.779
957940.675    1686000.688
957793.806    1686624.879
957659.177    1686802.346
957555.145    1687255.19
957475.591    1687395.939
957224.69     1687652.96
957047.224    1687891.621
956741.248    1688191.478
956557.662    1688283.271
956539.304    1688326.107
956208.849    1688564.769
956147.654    1688674.92
956068.1      1688999.255
956006.905    1689776.435
955921.232    1690382.268
955700.929    1690608.69
955603.016    1690712.722
955645.853    1690731.081
955780.482    1690908.547
955645.853    1691073.774
955694.809    1691557.216
955774.363    1691893.79
955841.678    1692334.396
955872.275    1692756.643
955841.678    1693142.173
955468.387    1693803.082
955241.964    1694096.819
954923.749    1694408.915
954783.0      1694494.588
954752.402    1694512.947
954366.872    1694892.358
954177.167    1695045.346
954018.059    1695216.692
953926.266    1695375.8
953161.326    1695932.677
953057.294    1695987.753
953057.294    1696012.231
952947.142    1696079.545
952781.915    1696293.729
952635.047    1696434.478
952616.688    1696507.912
952292.353    1696868.964
952280.114    1697028.072
952304.592    1697897.044
952243.397    1698349.889
952188.321    1698508.997
952127.126    1698521.236
952127.126    1698631.387
952029.214    1698919.005
952023.094    1698937.364
952035.333    1698955.722
952053.692    1698998.559
952047.572    1699212.742
952102.648    1699457.523
952121.007    1699745.141
952157.724    1699836.934
952163.843    1699934.846
952365.788    1700332.615
952414.744    1700344.854
952592.21     1700467.245
953191.923    1701054.719
953326.553    1701238.305
953565.214    1701323.978
953742.681    1701428.01
953907.908    1701574.879
954109.852    1701929.811
954103.733    1702009.365
954158.808    1702327.58
954134.33     1702774.306
953950.744    1703239.39
953944.625    1703471.932
954048.657    1703643.278
954434.187    1704034.928
954421.948    1704212.394
